0 64.131
1 56.935
2 53.005
3 84.915
4 88.776
5 78.961
6 82.992
7 56.219
8 61.025
9 59.067
10 86.181
11 77.980
12 89.228
13 58.579
14 59.092
15 56.121
16 62.440
17 75.067
18 65.293
19 83.367
20 63.291
21 52.596
22 70.592
23 74.326
24 81.872
25 53.244
26 89.508
27 89.758
28 54.430
29 71.952
30 59.764
31 56.475
32 67.711
33 75.902
34 55.143
35 52.416
36 79.711
37 78.863
38 88.017
39 75.064
40 82.782
41 86.270
42 67.540
43 76.376
44 55.348
45 63.968
46 62.551
47 64.070
48 62.822
49 64.624
50 73.313
51 56.919
52 54.091
53 69.460
54 56.036
55 72.157
56 73.107
57 57.970
58 78.624
59 59.129
60 84.722
61 67.109
62 63.318
63 58.265
64 80.716
65 89.167
66 56.418
67 70.090
68 63.905
69 66.194
70 63.753
71 83.973
72 73.894
73 76.892
74 77.971
75 87.029
76 83.466
77 75.969
78 75.893
79 78.234
80 66.327
81 88.509
82 71.936
83 59.322
84 66.484
85 50.402
86 54.520
87 67.558
88 72.823
89 68.118
90 79.332
91 62.271
92 57.713
93 87.583
94 76.081
95 77.811
96 87.289
97 80.853
98 53.985
99 64.898
100 72.938
101 66.996
102 69.439
103 70.134
104 56.148
105 71.743
106 61.503
107 69.113
108 58.009
109 70.077
110 82.337
111 84.750
112 74.114
113 65.695
114 69.628
115 64.267
116 75.195
117 68.369
118 87.208
119 67.676
120 89.539
121 78.054
122 66.095
123 55.431
124 61.265
125 74.178
126 61.833
127 64.497
128 50.045
129 78.735
130 52.916
131 55.928
132 57.714
133 54.697
134 79.176
135 88.503
136 81.985
137 68.298
138 87.491
139 56.053
140 73.164
141 57.781
142 83.508
143 65.252
144 62.209
145 85.880
146 88.263
147 78.820
148 84.263
149 50.884
150 66.752
151 58.088
152 82.168
153 63.950
154 83.422
155 81.431
156 56.110
157 75.008
158 52.982
159 89.201
160 89.626
161 74.791
162 87.590
163 83.448
164 64.495
165 66.532
166 61.951
167 77.340
168 52.583
169 55.223
170 86.623
171 76.191
172 87.779
173 52.380
174 50.609
175 86.920
176 75.002
177 75.491
178 78.789
179 78.234
180 78.078
181 53.813
182 54.089
183 82.963
184 57.484
185 53.706
186 50.357
187 77.242
188 69.408
189 83.994
190 59.057
191 64.371
192 89.026
193 88.504
194 83.033
195 74.334
196 55.646
197 71.181
198 83.998
199 83.255
200 51.629
201 51.007
202 86.545
203 72.831
204 72.144
205 79.596
206 89.023
207 52.536
208 58.050
209 85.273
210 75.239
211 67.932
212 77.762
213 72.014
214 81.379
215 80.353
216 73.129
217 86.433
218 75.644
219 76.256
220 86.548
221 54.173
222 64.581
223 76.481
224 85.778
225 70.126
226 67.473
227 61.392
228 70.362
229 71.880
230 67.671
231 63.071
232 84.972
233 80.154
234 89.792
235 79.830
236 69.735
237 84.535
238 79.094
239 82.540
240 76.106
241 73.099
242 51.675
243 89.360
244 82.568
245 56.324
246 66.991
247 53.417
248 77.385
249 71.024
250 74.019
251 73.796
252 66.792
253 75.776
254 81.039
255 87.724
256 73.269
257 88.002
258 85.199
259 53.986
260 82.639
261 70.287
262 61.629
263 65.279
264 53.556
265 51.556
266 66.388
267 82.899
268 85.224
269 57.707
270 57.697
271 89.671
272 81.373
273 57.755
274 62.704
275 77.213
276 55.135
277 76.835
278 54.878
279 89.929
280 58.210
281 82.702
282 56.822
283 82.148
284 85.716
285 56.510
286 52.649
287 88.712
288 76.929
289 88.009
290 86.547
291 67.563
292 58.156
293 64.855
294 62.648
295 60.904
296 78.963
297 89.547
298 84.855
299 74.517
300 86.636
301 50.802
302 61.160
303 80.583
304 75.233
305 82.111
306 64.575
307 55.823
308 87.858
309 72.123
310 70.465
311 64.758
312 56.932
313 83.565
314 60.300
315 57.868
316 59.846
317 62.073
318 75.964
319 77.345
320 65.603
321 55.009
322 82.892
323 73.107
324 55.699
325 60.408
326 77.798
327 80.106
328 75.994
329 71.475
330 85.243
331 58.643
332 80.163
333 55.187
334 53.244
335 75.915
336 64.944
337 88.868
338 65.472
339 74.316
340 55.966
341 71.679
342 53.745
343 76.627
344 89.419
345 84.509
346 64.199
347 70.686
348 51.825
349 50.990
350 62.186
351 67.574
352 82.900
353 64.959
354 55.167
355 71.583
356 80.345
357 78.713
358 64.604
359 73.420
360 76.855
361 79.654
362 70.834
363 63.354
364 81.025
365 62.021
366 78.981
367 79.941
368 69.823
369 57.597
370 75.960
371 83.961
372 53.119
373 72.956
374 73.639
375 51.194
376 65.682
377 76.659
378 66.316
379 81.487
380 51.054
381 58.629
382 75.970
383 51.753
384 88.133
385 78.386
386 60.954
387 58.600
388 61.203
389 54.427
390 68.511
391 54.112
392 55.814
393 69.076
394 62.351
395 88.976
396 84.252
397 54.827
398 50.976
399 58.519
400 74.085
401 60.475
402 74.810
403 52.067
404 85.019
405 88.918
406 67.170
407 86.133
408 71.308
409 71.329
410 59.443
411 87.492
412 63.185
413 89.197
414 77.715
415 66.236
416 78.168
417 60.392
418 63.434
419 88.355
420 63.583
421 66.689
422 87.264
423 67.122
424 87.232
425 73.649
426 86.503
427 61.037
428 88.855
429 70.419
430 53.390
431 75.466
432 70.077
433 83.274
434 87.791
435 66.571
436 51.583
437 87.821
438 52.001
439 77.371
440 54.129
441 68.480
442 79.698
443 52.081
444 78.325
445 53.458
446 56.610
447 81.397
448 79.272
449 51.414
450 65.235
451 87.410
452 53.283
453 77.538
454 85.671
455 71.204
456 53.623
457 75.065
458 89.787
459 55.432
460 65.714
461 81.097
462 57.538
463 68.973
464 76.826
465 81.718
466 89.072
467 88.382
468 82.911
469 66.823
470 84.035
471 88.193
472 60.272
473 88.933
474 69.054
475 72.559
476 67.091
477 61.304
478 67.475
479 60.184
480 71.459
481 79.570
482 76.888
483 56.140
484 77.640
485 52.027
486 63.806
487 69.995
488 67.544
489 50.742
490 85.030
491 88.304
492 78.236
493 71.469
494 70.755
495 52.754
496 74.481
497 51.246
498 56.719
499 71.681
500 51.887
501 64.726
502 50.650
503 70.225
504 89.672
505 76.046
506 58.282
507 81.744
508 53.034
509 71.770
510 62.858
511 89.097
512 67.412
513 58.338
514 66.859
515 69.035
516 85.426
517 69.721
518 53.283
519 86.303
520 81.463
521 76.423
522 54.526
523 87.883
524 68.177
525 70.434
526 66.923
527 73.086
528 69.042
529 50.305
530 75.371
531 89.929
532 57.056
533 80.552
534 66.880
535 53.718
536 67.416
537 85.961
538 79.454
539 76.700
540 67.160
541 87.180
542 71.516
543 61.006
544 80.759
545 61.078
546 71.808
547 73.920
548 72.034
549 62.159
550 86.938
551 64.291
552 74.132
553 54.665
554 53.473
555 54.398
556 71.729
557 89.473
558 83.626
559 89.890
560 88.071
561 71.117
562 50.126
563 83.351
564 52.401
565 66.666
566 79.160
567 54.698
568 63.344
569 89.595
570 70.034
571 70.361
572 73.637
573 74.829
574 53.003
575 88.751
576 61.740
577 84.099
578 88.206
579 50.106
580 83.982
581 89.373
582 81.486
583 55.881
584 81.061
585 74.358
586 82.883
587 73.036
588 87.311
589 50.915
590 53.215
591 83.687
592 56.986
593 61.252
594 60.571
595 66.365
596 87.365
597 85.011
598 57.440
599 83.945
600 55.855
601 82.266
602 86.963
603 80.063
604 89.259
605 51.629
606 66.380
607 88.575
608 58.866
609 82.260
610 65.549
611 53.072
612 88.539
613 52.525
614 67.241
615 50.938
616 74.203
617 82.824
618 66.196
619 78.633
620 57.571
621 60.669
622 83.729
623 88.030
624 51.180
625 85.793
626 75.709
627 81.058
628 51.957
629 66.331
630 87.694
631 75.757
632 78.280
633 63.678
634 55.405
635 85.284
636 86.932
637 62.685
638 50.947
639 86.058
640 51.722
641 81.972
642 86.262
643 52.181
644 77.436
645 83.570
646 74.460
647 55.590
648 88.526
649 61.661
650 65.854
651 55.793
652 52.792
653 78.593
654 65.370
655 67.356
656 68.710
657 70.825
658 72.136
659 85.650
660 72.198
661 70.434
662 77.337
663 62.728
664 63.373
665 79.912
666 72.497
667 66.657
668 58.556
669 67.638
670 50.281
671 50.010
672 60.789
673 79.693
674 81.505
675 73.268
676 66.653
677 86.707
678 68.272
679 67.297
680 66.698
681 88.511
682 66.181
683 75.913
684 64.766
685 73.730
686 57.672
687 76.876
688 89.341
689 55.945
690 55.093
691 68.369
692 65.038
693 50.166
694 63.113
695 60.824
696 89.543
697 82.554
698 84.367
699 59.785
700 67.434
701 73.469
702 74.922
703 74.195
704 68.085
705 52.937
706 57.616
707 51.786
708 64.602
709 84.644
710 64.300
711 77.502
712 61.942
713 51.900
714 61.791
715 77.634
716 84.724
717 69.504
718 89.986
719 76.440
720 74.475
721 78.273
722 75.593
723 80.213
724 51.812
725 65.945
726 62.001
727 88.871
728 65.730
729 80.630
730 88.129
731 60.784
732 88.664
733 87.599
734 79.732
735 69.158
736 80.172
737 56.585
738 64.667
739 82.059
740 72.993
741 71.811
742 51.803
743 73.419
744 81.131
745 84.048
746 79.871
747 57.716
748 79.757
749 86.464
750 59.928
751 77.174
752 83.001
753 72.097
754 64.379
755 82.611
756 85.095
757 62.713
758 83.403
759 75.858
760 81.507
761 83.477
762 78.969
763 64.315
764 66.747
765 81.414
766 85.489
767 56.812
768 58.065
769 55.502
770 57.786
771 70.148
772 57.378
773 66.373
774 65.757
775 79.769
776 88.287
777 89.163
778 81.855
779 69.363
780 53.370
781 82.515
782 54.366
783 58.314
784 61.921
785 63.191
786 74.364
787 86.816
788 80.758
789 85.964
790 89.255
791 51.699
792 73.597
793 59.498
794 67.250
795 73.467
796 87.767
797 58.629
798 51.557
799 65.662
800 54.620
801 68.323
802 80.430
803 83.964
804 68.657
805 70.594
806 75.296
807 59.632
808 76.750
809 77.803
810 61.512
811 72.651
812 77.153
813 62.737
814 56.398
815 56.932
816 51.619
817 61.185
818 56.902
819 85.383
820 61.313
821 79.171
822 51.441
823 89.517
824 79.968
825 58.059
826 81.163
827 73.750
828 52.436
829 76.832
830 81.459
831 69.153
832 80.652
833 53.526
834 51.387
835 81.408
836 59.095
837 59.960
838 81.239
839 81.318
840 60.621
841 55.839
842 56.681
843 82.896
844 89.883
845 54.352
846 63.265
847 87.303
848 84.391
849 65.235
850 55.294
851 65.883
852 55.350
853 83.610
854 80.101
855 78.395
856 81.331
857 87.496
858 72.821
859 60.588
860 84.177
861 70.340
862 72.328
863 54.867
864 88.957
865 79.051
866 65.971
867 77.305
868 50.174
869 56.241
870 57.619
871 61.132
872 85.742
873 54.162
874 64.134
875 72.919
876 54.941
877 69.146
878 76.952
879 68.373
880 84.647
881 61.676
882 75.223
883 79.337
884 69.431
885 85.288
886 88.568
887 60.905
888 64.057
889 76.395
890 54.304
891 78.188
892 78.472
893 81.883
894 70.032
895 87.121
896 75.266
897 58.642
898 64.747
899 71.450
900 78.939
901 68.973
902 79.307
903 82.150
904 72.330
905 53.401
906 65.296
907 54.165
908 54.996
909 51.194
910 53.519
911 89.139
912 73.734
913 57.951
914 86.848
915 80.665
916 69.212
917 51.164
918 73.585
919 86.212
920 89.480
921 72.584
922 70.259
923 77.130
924 85.793
925 75.651
926 54.886
927 64.654
928 80.856
929 74.888
930 74.245
931 88.808
932 58.937
933 69.324
934 81.582
935 77.907
936 64.607
937 74.180
938 66.646
939 82.678
940 51.996
941 61.882
942 53.193
943 79.109
944 76.408
945 50.088
946 76.772
947 83.518
948 69.009
949 77.595
950 55.893
951 57.192
952 53.520
